person 0.8501815795898438 91.29173278808594 434.0429992675781 457.6498565673828 643.1809997558594
person 0.809782862663269 921.2044677734375 167.51844787597656 156.4681396484375 542.4119110107422
person 0.782618522644043 520.3733520507812 311.0909729003906 274.3922119140625 766.4768981933594
person 0.7596612572669983 1368.6705322265625 83.87425994873047 123.755859375 402.73682403564453
person 0.7063551545143127 1554.041015625 68.2620620727539 141.419189453125 464.78414154052734
person 0.5880042910575867 849.3493041992188 95.3079833984375 127.9835205078125 388.15826416015625
person 0.5264718532562256 1328.4102783203125 47.924232482910156 97.8802490234375 294.4817123413086
person 0.4135715663433075 1651.07421875 29.380762100219727 84.7957763671875 225.47183799743652
person 0.3684643507003784 1735.011474609375 28.78179931640625 44.8123779296875 136.74124145507812
person 0.20004352927207947 1666.6629638671875 15.592903137207031 34.557861328125 49.360923767089844
person 0.18701188266277313 1021.207275390625 134.5987548828125 39.80322265625 98.34225463867188
person 0.15913407504558563 1602.41796875 50.39997482299805 55.7760009765625 96.10004043579102
person 0.14461898803710938 1089.8433837890625 34.7515869140625 23.2462158203125 21.309673309326172
person 0.1336413025856018 962.9625854492188 169.65655517578125 126.66461181640625 203.87850952148438
person 0.12240102142095566 1707.191162109375 4.534862041473389 30.1575927734375 48.39373445510864
person 0.12003077566623688 1743.334716796875 6.270471096038818 33.22998046875 44.18414545059204
person 0.10238755494356155 1599.9442138671875 3.159942626953125 20.7977294921875 47.014644622802734
